(4, 3)
3
connected
4
connected
5
(7, 3)
6
(4, 3)
7
(6, 3)
8
(5, 3)
9
(5, 3)
10
(5, 3)
11
(5, 3)
12
(5, 3)
13
(5, 3)
14
(5, 3)
15
(5, 3)
16
(5, 3)
17
(5, 3)
18
(5, 3)
19
(5, 3)
20
(5, 3)
21
(5, 3)
22
(5, 3)
23
(5, 3)
24
(5, 3)
25
(5, 3)
26
(5, 3)
27
(5, 3)
28
(5, 3)
29
(5, 3)
30
(5, 3)
31
(5, 3)
32
(5, 3)
33
(5, 3)
34
(5, 3)
35
(5, 3)
36
(5, 3)
37
(5, 3)
38
(5, 3)
39
(5, 3)
40
(5, 3)
41
(5, 3)
42
(5, 3)
43
(5, 3)
44
(5, 3)
45
(5, 3)
46
(5, 3)
47
(5, 3)
48
(5, 3)
49
(5, 3)
50
(5, 3)
51
(5, 3)
52
(5, 3)
53
(5, 3)
54
(5, 3)
55
(5, 3)
56
(5, 3)
57
(5, 3)
58
(5, 3)
59
(4, 3)
60
(4, 3)
61
(4, 3)
62
(4, 3)
63
(4, 3)
64
(4, 3)
65
(4, 3)
66
(4, 3)
67
(4, 3)
68
(4, 3)
69
(4, 3)
70
(4, 3)
71
(4, 3)
72
(4, 3)
73
(4, 3)
74
(4, 3)
75
(4, 3)
76
(4, 3)
77
(6, 3)
78
(7, 3)
79
(7, 3)
80
(7, 3)
81
(7, 3)
82
(7, 3)
83
(7, 3)
84
(7, 3)
85
(7, 3)
86
(7, 3)
87
(7, 3)
88
(7, 3)
89
(7, 3)
90
(6, 3)
91
(5, 3)
92
