(2, 6)
3
connected
4
connected
5
connected
6
(6, 9)
7
connected
8
connected
9
(6, 9)
10
(1, 0)
11
(1, 0)
12
(1, 0)
13
(2, 0)
14
(8, 9)
15
(6, 0)
16
(6, 8)
17
(12, 11)
18
(6, 7)
19
(6, 7)
20
(6, 7)
21
(6, 7)
22
(6, 7)
23
(6, 7)
24
(6, 9)
25
(6, 9)
26
(6, 9)
27
(6, 9)
28
(6, 9)
29
(6, 9)
30
(6, 9)
31
(6, 7)
32
(6, 8)
33
(6, 7)
34
(6, 7)
35
(6, 7)
36
(6, 9)
37
(6, 7)
38
(0, 6)
39
(0, 8)
40
(0, 8)
41
(12, 12)
42
(2, 6)
43
(2, 6)
44
(12, 9)
45
(12, 9)
46
(2, 6)
47
(12, 9)
48
(12, 9)
49
(2, 6)
50
(12, 12)
51
(0, 6)
52
(0, 6)
53
(2, 6)
54
(7, 9)
55
(12, 9)
56
(1, 5)
57
(1, 5)
58
(1, 5)
59
(8, 9)
60
(0, 5)
61
(0, 6)
62
(6, 8)
63
(6, 8)
64
(6, 8)
65
(6, 0)
66
(6, 0)
67
(6, 8)
68
(0, 8)
69
(0, 8)
70
(0, 13)
71
(0, 6)
72
(0, 6)
73
(0, 6)
74
(0, 6)
75
(0, 6)
76
(0, 6)
77
(0, 6)
78
(0, 6)
79
(0, 11)
80
(0, 11)
81
(6, 9)
82
(6, 9)
83
(9, 9)
84
(9, 9)
85
(9, 9)
86
(9, 9)
87
(9, 9)
88
(2, 6)
89
(0, 8)
90
(0, 8)
91
(12, 13)
92
(12, 13)
93
(12, 13)
94
(2, 6)
95
(12, 9)
96
(12, 9)
97
(12, 9)
98
(12, 9)
99
(12, 9)
100
(12, 9)
101
(11, 9)
102
(11, 9)
103
(12, 9)
104
(12, 9)
105
(12, 9)
106
(12, 9)
107
